0.000000000000000e+00 0.7 0.000000000000000e+00
0.000000000000000e+00 0.7 0.000000000000000e+00
0.000000000000000e+00 0.7 0.000000000000000e+00
6.411413578754679e-02 0.7 2.911555784521624e-05
6.411413578754679e-02 0.7 2.911555784521624e-05
6.411413578754679e-02 0.7 2.911555784521624e-05
1.282282715750936e-01 0.7 1.166104717412963e-04
1.282282715750936e-01 0.7 1.166104717412963e-04
1.282282715750936e-01 0.7 1.166104717412963e-04
1.923424073626404e-01 0.7 2.627491077873857e-04
1.923424073626404e-01 0.7 2.627491077873857e-04
1.923424073626404e-01 0.7 2.627491077873857e-04
2.564565431501872e-01 0.7 4.681455669924616e-04
2.564565431501872e-01 0.7 4.681455669924616e-04
2.564565431501872e-01 0.7 4.681455669924616e-04
3.205706789377339e-01 0.7 7.335763424634931e-04
3.205706789377339e-01 0.7 7.335763424634931e-04
3.205706789377339e-01 0.7 7.335763424634931e-04
3.846848147252808e-01 0.7 1.059970725327731e-03
3.846848147252808e-01 0.7 1.059970725327731e-03
3.846848147252808e-01 0.7 1.059970725327731e-03
4.487989505128276e-01 0.7 1.448695128783584e-03
4.487989505128276e-01 0.7 1.448695128783584e-03
4.487989505128276e-01 0.7 1.448695128783584e-03
5.129130863003744e-01 0.7 1.901180529966951e-03
5.129130863003744e-01 0.7 1.901180529966951e-03
5.129130863003744e-01 0.7 1.901180529966951e-03
5.770272220879211e-01 0.7 2.419144706800581e-03
5.770272220879211e-01 0.7 2.419144706800581e-03
5.770272220879211e-01 0.7 2.419144706800581e-03
6.411413578754679e-01 0.7 3.004706557840110e-03
6.411413578754679e-01 0.7 3.004706557840110e-03
6.411413578754679e-01 0.7 3.004706557840110e-03
7.052554936630148e-01 0.7 3.659998718649151e-03
7.052554936630148e-01 0.7 3.659998718649151e-03
7.052554936630148e-01 0.7 3.659998718649151e-03
7.693696294505615e-01 0.7 4.387598298490046e-03
7.693696294505615e-01 0.7 4.387598298490046e-03
7.693696294505615e-01 0.7 4.387598298490046e-03
8.334837652381083e-01 0.7 5.190459731966260e-03
8.334837652381083e-01 0.7 5.190459731966260e-03
8.334837652381083e-01 0.7 5.190459731966260e-03
8.975979010256552e-01 0.7 6.071753706783057e-03
8.975979010256552e-01 0.7 6.071753706783057e-03
8.975979010256552e-01 0.7 6.071753706783057e-03
9.617120368132019e-01 0.7 7.034961413592098e-03
9.617120368132019e-01 0.7 7.034961413592098e-03
9.617120368132019e-01 0.7 7.034961413592098e-03
1.025826172600749e+00 0.7 8.084011822938917e-03
1.025826172600749e+00 0.7 8.084011822938917e-03
1.025826172600749e+00 0.7 8.084011822938917e-03
1.089940308388295e+00 0.7 9.223165921866894e-03
1.089940308388295e+00 0.7 9.223165921866894e-03
1.089940308388295e+00 0.7 9.223165921866894e-03
1.154054444175842e+00 0.7 1.045712027698756e-02
1.154054444175842e+00 0.7 1.045712027698756e-02
1.154054444175842e+00 0.7 1.045712027698756e-02
1.218168579963389e+00 0.7 1.179109979420900e-02
1.218168579963389e+00 0.7 1.179109979420900e-02
1.218168579963389e+00 0.7 1.179109979420900e-02
1.282282715750936e+00 0.7 1.323074270039797e-02
1.282282715750936e+00 0.7 1.323074270039797e-02
1.282282715750936e+00 0.7 1.323074270039797e-02
1.346396851538483e+00 0.7 1.478237528353929e-02
1.346396851538483e+00 0.7 1.478237528353929e-02
1.346396851538483e+00 0.7 1.478237528353929e-02
1.410510987326030e+00 0.7 1.645286595448852e-02
1.410510987326030e+00 0.7 1.645286595448852e-02
1.410510987326030e+00 0.7 1.645286595448852e-02
1.474625123113576e+00 0.7 1.825002338737249e-02
1.474625123113576e+00 0.7 1.825002338737249e-02
1.474625123113576e+00 0.7 1.825002338737249e-02
1.538739258901123e+00 0.7 2.018214799463749e-02
1.538739258901123e+00 0.7 2.018214799463749e-02
1.538739258901123e+00 0.7 2.018214799463749e-02
1.602853394688670e+00 0.7 2.225907323881983e-02
1.602853394688670e+00 0.7 2.225907323881983e-02
1.602853394688670e+00 0.7 2.225907323881983e-02
1.666967530476217e+00 0.7 2.449167985469103e-02
1.666967530476217e+00 0.7 2.449167985469103e-02
1.666967530476217e+00 0.7 2.449167985469103e-02
1.731081666263763e+00 0.7 2.689229538664223e-02
1.731081666263763e+00 0.7 2.689229538664223e-02
1.731081666263763e+00 0.7 2.689229538664223e-02
1.795195802051310e+00 0.7 2.947567651863209e-02
1.795195802051310e+00 0.7 2.947567651863209e-02
1.795195802051310e+00 0.7 2.947567651863209e-02
1.859309937838857e+00 0.7 3.225890727703700e-02
1.859309937838857e+00 0.7 3.225890727703700e-02
1.859309937838857e+00 0.7 3.225890727703700e-02
1.923424073626404e+00 0.7 3.526277866330929e-02
1.923424073626404e+00 0.7 3.526277866330929e-02
1.923424073626404e+00 0.7 3.526277866330929e-02
1.987538209413951e+00 0.7 3.851264319382608e-02
1.987538209413951e+00 0.7 3.851264319382608e-02
1.987538209413951e+00 0.7 3.851264319382608e-02
2.051652345201497e+00 0.7 4.204049604013568e-02
2.051652345201497e+00 0.7 4.204049604013568e-02
2.051652345201497e+00 0.7 4.204049604013568e-02
2.115766480989044e+00 0.7 4.588742405176163e-02
2.115766480989044e+00 0.7 4.588742405176163e-02
2.115766480989044e+00 0.7 4.588742405176163e-02
2.179880616776591e+00 0.7 5.010670050978661e-02
2.179880616776591e+00 0.7 5.010670050978661e-02
2.179880616776591e+00 0.7 5.010670050978661e-02
2.243994752564138e+00 0.7 5.476965084671974e-02
2.243994752564138e+00 0.7 5.476965084671974e-02
2.243994752564138e+00 0.7 5.476965084671974e-02
2.308108888351684e+00 0.7 5.997279137372977e-02
2.308108888351684e+00 0.7 5.997279137372977e-02
2.308108888351684e+00 0.7 5.997279137372977e-02
2.372223024139231e+00 0.7 6.584932506084441e-02
2.372223024139231e+00 0.7 6.584932506084441e-02
2.372223024139231e+00 0.7 6.584932506084441e-02
2.436337159926778e+00 0.7 7.258495688438417e-02
2.436337159926778e+00 0.7 7.258495688438417e-02
2.436337159926778e+00 0.7 7.258495688438417e-02
2.500451295714325e+00 0.7 8.044198453426363e-02
2.500451295714325e+00 0.7 8.044198453426363e-02
2.500451295714325e+00 0.7 8.044198453426363e-02
2.564565431501872e+00 0.7 8.979257941246031e-02
2.564565431501872e+00 0.7 8.979257941246031e-02
2.564565431501872e+00 0.7 8.979257941246031e-02
2.628679567289419e+00 0.7 1.011688470840454e-01
2.628679567289419e+00 0.7 1.011688470840454e-01
2.628679567289419e+00 0.7 1.011688470840454e-01
2.692793703076966e+00 0.7 1.153239488601685e-01
2.692793703076966e+00 0.7 1.153239488601685e-01
2.692793703076966e+00 0.7 1.153239488601685e-01
2.756907838864512e+00 0.7 1.333004593849182e-01
2.756907838864512e+00 0.7 1.333004593849182e-01
2.756907838864512e+00 0.7 1.333004593849182e-01
2.821021974652059e+00 0.7 1.564617633819580e-01
2.821021974652059e+00 0.7 1.564617633819580e-01
2.821021974652059e+00 0.7 1.564617633819580e-01
2.885136110439606e+00 0.7 1.863385438919067e-01
2.885136110439606e+00 0.7 1.863385438919067e-01
2.885136110439606e+00 0.7 1.863385438919067e-01
2.949250246227153e+00 0.7 2.239988088607787e-01
2.949250246227153e+00 0.7 2.239988088607787e-01
2.949250246227153e+00 0.7 2.239988088607787e-01
3.013364382014699e+00 0.7 2.693987295031547e-01
3.013364382014699e+00 0.7 2.693987295031547e-01
3.013364382014699e+00 0.7 2.693987295031547e-01
3.077478517802246e+00 0.7 3.380309224128722e-01
3.077478517802246e+00 0.7 3.380309224128722e-01
3.077478517802246e+00 0.7 3.380309224128722e-01
3.141592653589793e+00 0.7 1.999999869095245e+00
3.141592653589793e+00 0.7 1.999999869095245e+00
3.141592653589793e+00 0.7 1.999999869095245e+00
