# Per-theta0 (NOT theta-averaged) energy ratio table
# ratio = rho_PT / rho_noPT matched at same (H_PT, theta0)
# Columns:
#   theta0    H_PT    beta_over_H    beta    mean_ratio    std_ratio    N_samples
0.2617993878	0.05	4	0.2	29.45349474	4.894320408	5
0.2617993878	0.05	5	0.25	31.5196249	7.995213736	5
0.2617993878	0.05	6	0.3	30.82142965	9.234035655	5
0.2617993878	0.05	8	0.4	38.65299879	8.274744114	5
0.2617993878	0.05	10	0.5	47.81422963	6.77637527	5
0.2617993878	0.05	12	0.6	49.71808293	6.466947592	5
0.2617993878	0.05	16	0.8	57.35654152	6.15294117	5
0.2617993878	0.05	20	1	62.82384645	3.927047808	5
0.2617993878	0.05	25	1.25	69.83579127	1.788662937	5
0.2617993878	0.05	32	1.6	71.94036841	2.039247877	5
0.2617993878	0.05	40	2	72.29760935	0.7612045583	5
0.2617993878	0.1	4	0.4	22.90041002	1.381823607	5
0.2617993878	0.1	5	0.5	24.13987218	1.491069942	5
0.2617993878	0.1	6	0.6	25.65240327	1.395321155	5
0.2617993878	0.1	8	0.8	28.55049545	2.897774817	5
0.2617993878	0.1	10	1	32.75801122	2.068337826	5
0.2617993878	0.1	12	1.2	33.08591937	0.6331262072	5
0.2617993878	0.1	16	1.6	34.22651924	0.8142079589	5
0.2617993878	0.1	20	2	33.63533457	0.4783141277	5
0.2617993878	0.1	25	2.5	32.77198257	0.07923474796	5
0.2617993878	0.1	32	3.2	31.27801743	0.1581498027	5
0.2617993878	0.1	40	4	29.6382119	0.05525562465	5
0.2617993878	0.2	4	0.8	15.4190216	0.4890707421	5
0.2617993878	0.2	5	1	16.16250958	0.3574181206	5
0.2617993878	0.2	6	1.2	16.68716059	0.2860406348	5
0.2617993878	0.2	8	1.6	16.70347859	0.2148198413	5
0.2617993878	0.2	10	2	16.84446443	0.1650194075	5
0.2617993878	0.2	12	2.4	16.36695346	0.0969035918	5
0.2617993878	0.2	16	3.2	15.41996769	0.03245903233	5
0.2617993878	0.2	20	4	14.55334142	0.02758590893	5
0.2617993878	0.2	25	5	13.62796267	0.01511798273	5
0.2617993878	0.2	32	6.4	12.65705924	0.00633285421	5
0.2617993878	0.2	40	8	11.82335951	0.005610804503	5
0.2617993878	0.5	4	2	6.380029147	0.1030547322	5
0.2617993878	0.5	5	2.5	6.282318114	0.2532179076	5
0.2617993878	0.5	6	3	6.155608673	0.2024532877	5
0.2617993878	0.5	8	4	5.711352368	0.08318024932	5
0.2617993878	0.5	10	5	5.399772524	0.03077830071	5
0.2617993878	0.5	12	6	5.131525086	0.03493676726	5
0.2617993878	0.5	16	8	4.676675262	0.007884380475	5
0.2617993878	0.5	20	10	4.342267511	0.006429948448	5
0.2617993878	0.5	25	12.5	4.037024438	0.004567544965	5
0.2617993878	0.5	32	16	3.740059287	0.001758871948	5
0.2617993878	0.5	40	20	3.501766422	0.001577912821	5
0.2617993878	1	4	4	3.125006857	0.03067687117	5
0.2617993878	1	5	5	2.99874906	0.01965082762	5
0.2617993878	1	6	6	2.910529467	0.01161078248	5
0.2617993878	1	8	8	2.723850453	0.008466983211	5
0.2617993878	1	10	10	2.573887739	0.007262505544	5
0.2617993878	1	12	12	2.450899604	0.002945546295	5
0.2617993878	1	16	16	2.271963447	0.001373980402	5
0.2617993878	1	20	20	2.148158299	0.00173731023	5
0.2617993878	1	25	25	2.036753741	0.0003751878381	5
0.2617993878	1	32	32	1.930704205	0.0002912187274	5
0.2617993878	1	40	40	1.84936873	0.0003582406412	5
0.2617993878	1.5	4	6	2.104799145	0.002325977447	5
0.2617993878	1.5	5	7.5	2.045691894	0.004876296524	5
0.2617993878	1.5	6	9	1.984476254	0.002257225229	5
0.2617993878	1.5	8	12	1.887999341	0.0008040232412	5
0.2617993878	1.5	10	15	1.810302487	0.001994421056	5
0.2617993878	1.5	12	18	1.750676773	0.001132529777	5
0.2617993878	1.5	16	24	1.660038713	0.0003069652536	5
0.2617993878	1.5	20	30	1.598029795	0.0002319972948	5
0.2617993878	1.5	25	37.5	1.543367005	0.0001266702938	5
0.2617993878	1.5	32	48	1.490790706	6.940443524e-05	5
0.2617993878	1.5	40	60	1.451591493	9.270954141e-05	5
0.2617993878	2	4	8	1.745347161	0.004595248465	5
0.2617993878	2	5	10	1.698945059	0.002805913221	5
0.2617993878	2	6	12	1.655964887	0.001374941935	5
0.2617993878	2	8	16	1.589796411	0.001162436414	5
0.2617993878	2	10	20	1.538478671	0.0006816404788	5
0.2617993878	2	12	24	1.496407871	0.0001983322656	5
0.2617993878	2	16	32	1.438777123	0.0002115527076	5
0.2617993878	2	20	40	1.398799009	0.0001754049737	5
0.2617993878	2	25	50	1.363214532	5.991228838e-05	5
0.2617993878	2	32	64	1.329957538	9.464157509e-05	5
0.2617993878	2	40	80	1.305245516	6.738765641e-05	5
0.7853981634	0.05	4	0.2	29.46753745	3.888536262	5
0.7853981634	0.05	5	0.25	25.35593255	11.51711466	5
0.7853981634	0.05	6	0.3	25.15008656	7.819539426	5
0.7853981634	0.05	8	0.4	36.7106663	5.64569442	5
0.7853981634	0.05	10	0.5	35.8191056	5.857106238	5
0.7853981634	0.05	12	0.6	42.48089071	4.082881188	5
0.7853981634	0.05	16	0.8	56.56533508	1.965529377	5
0.7853981634	0.05	20	1	60.07247421	1.754479998	5
0.7853981634	0.05	25	1.25	63.63137369	0.9154503419	5
0.7853981634	0.05	32	1.6	65.43053971	1.25323647	5
0.7853981634	0.05	40	2	66.28290534	0.7084847341	5
0.7853981634	0.1	4	0.4	19.96921701	1.445746735	5
0.7853981634	0.1	5	0.5	22.74990515	2.265866572	5
0.7853981634	0.1	6	0.6	23.68412329	1.338784546	5
0.7853981634	0.1	8	0.8	27.90052461	3.28166844	5
0.7853981634	0.1	10	1	30.73667466	0.7425161872	5
0.7853981634	0.1	12	1.2	31.7689499	0.5920822898	5
0.7853981634	0.1	16	1.6	32.47300654	0.4545564914	5
0.7853981634	0.1	20	2	31.68002849	0.2953159223	5
0.7853981634	0.1	25	2.5	30.83910777	0.1306678058	5
0.7853981634	0.1	32	3.2	29.29503611	0.1500249487	5
0.7853981634	0.1	40	4	27.73543595	0.03885793785	5
0.7853981634	0.2	4	0.8	14.77101068	0.5618848825	5
0.7853981634	0.2	5	1	15.93248762	0.0861666669	5
0.7853981634	0.2	6	1.2	15.66277277	0.4072313289	5
0.7853981634	0.2	8	1.6	16.25967713	0.2212095353	5
0.7853981634	0.2	10	2	15.9414359	0.1144081145	5
0.7853981634	0.2	12	2.4	15.49952705	0.07556531453	5
0.7853981634	0.2	16	3.2	14.50704689	0.05532404977	5
0.7853981634	0.2	20	4	13.63472945	0.04803136264	5
0.7853981634	0.2	25	5	12.7503263	0.01877087536	5
0.7853981634	0.2	32	6.4	11.83470613	0.006909930522	5
0.7853981634	0.2	40	8	11.04871828	0.004214458562	5
0.7853981634	0.5	4	2	6.046632071	0.1899588298	5
0.7853981634	0.5	5	2.5	5.9315167	0.09905048718	5
0.7853981634	0.5	6	3	5.730194856	0.0883570285	5
0.7853981634	0.5	8	4	5.373084859	0.1218180265	5
0.7853981634	0.5	10	5	5.073926603	0.05065012704	5
0.7853981634	0.5	12	6	4.799077265	0.03240856658	5
0.7853981634	0.5	16	8	4.398158405	0.01285803543	5
0.7853981634	0.5	20	10	4.080999961	0.001906567506	5
0.7853981634	0.5	25	12.5	3.806241919	0.005939444484	5
0.7853981634	0.5	32	16	3.528060751	0.00296812033	5
0.7853981634	0.5	40	20	3.310719841	0.0004490477159	5
0.7853981634	1	4	4	2.980719582	0.01557704309	5
0.7853981634	1	5	5	2.861992012	0.03265792131	5
0.7853981634	1	6	6	2.762828703	0.0209343158	5
0.7853981634	1	8	8	2.600749984	0.006173911372	5
0.7853981634	1	10	10	2.461053192	0.003503209908	5
0.7853981634	1	12	12	2.350326148	0.001139686515	5
0.7853981634	1	16	16	2.184424966	0.001031051015	5
0.7853981634	1	20	20	2.069209356	0.0005506504815	5
0.7853981634	1	25	25	1.965740227	0.0006760341657	5
0.7853981634	1	32	32	1.867716594	0.000367503049	5
0.7853981634	1	40	40	1.791834089	0.0002435675322	5
0.7853981634	1.5	4	6	2.027035225	0.006600847486	5
0.7853981634	1.5	5	7.5	1.964706894	0.005191429076	5
0.7853981634	1.5	6	9	1.910076615	0.004659549882	5
0.7853981634	1.5	8	12	1.821487119	0.0008346060932	5
0.7853981634	1.5	10	15	1.751417322	0.0007597705007	5
0.7853981634	1.5	12	18	1.69500432	0.0004687360999	5
0.7853981634	1.5	16	24	1.612112457	0.0003478857219	5
0.7853981634	1.5	20	30	1.554631734	0.0003082331219	5
0.7853981634	1.5	25	37.5	1.504363725	0.0002064738077	5
0.7853981634	1.5	32	48	1.455880238	0.000101492865	5
0.7853981634	1.5	40	60	1.419609338	5.085070832e-05	5
0.7853981634	2	4	8	1.697958679	0.002320420268	5
0.7853981634	2	5	10	1.655442929	0.001675738629	5
0.7853981634	2	6	12	1.61593504	0.000827583556	5
0.7853981634	2	8	16	1.553281496	0.001361791975	5
0.7853981634	2	10	20	1.504589817	0.0006531092043	5
0.7853981634	2	12	24	1.465938986	0.0002119252215	5
0.7853981634	2	16	32	1.411329965	0.0003673557767	5
0.7853981634	2	20	40	1.374153543	6.11792733e-05	5
0.7853981634	2	25	50	1.340991403	0.0001157541044	5
0.7853981634	2	32	64	1.309879266	2.617168147e-05	5
0.7853981634	2	40	80	1.286809787	2.0640217e-05	5
1.308996939	0.05	4	0.2	27.02956498	6.880193566	5
1.308996939	0.05	5	0.25	26.95134761	8.646917412	5
1.308996939	0.05	6	0.3	28.67614611	4.571080624	5
1.308996939	0.05	8	0.4	31.20092765	10.40740211	5
1.308996939	0.05	10	0.5	38.68592218	5.647142481	5
1.308996939	0.05	12	0.6	43.61675286	2.574770404	5
1.308996939	0.05	16	0.8	47.16666347	2.880879792	5
1.308996939	0.05	20	1	50.27800652	1.895072408	5
1.308996939	0.05	25	1.25	51.60850136	1.524666677	5
1.308996939	0.05	32	1.6	52.97020393	2.250452611	5
1.308996939	0.05	40	2	56.48844784	1.571176147	5
1.308996939	0.1	4	0.4	16.880765	1.704077719	5
1.308996939	0.1	5	0.5	19.41870497	1.520560842	5
1.308996939	0.1	6	0.6	22.28957136	1.546189995	5
1.308996939	0.1	8	0.8	24.48595092	1.303345091	5
1.308996939	0.1	10	1	26.9120822	1.083139542	5
1.308996939	0.1	12	1.2	27.85601445	1.152200998	5
1.308996939	0.1	16	1.6	28.91196037	0.5075911959	5
1.308996939	0.1	20	2	28.03400782	0.4046166843	5
1.308996939	0.1	25	2.5	27.08062216	0.1357342417	5
1.308996939	0.1	32	3.2	25.57165494	0.06922374908	5
1.308996939	0.1	40	4	24.17089211	0.03422192215	5
1.308996939	0.2	4	0.8	13.7612984	0.5940649393	5
1.308996939	0.2	5	1	14.12420417	0.1210230476	5
1.308996939	0.2	6	1.2	14.63665783	0.208416799	5
1.308996939	0.2	8	1.6	14.58852987	0.1521157641	5
1.308996939	0.2	10	2	14.2492939	0.0589641689	5
1.308996939	0.2	12	2.4	13.76782642	0.04599647234	5
1.308996939	0.2	16	3.2	12.76215288	0.03834667943	5
1.308996939	0.2	20	4	11.93337388	0.02500863009	5
1.308996939	0.2	25	5	11.12016457	0.008286119494	5
1.308996939	0.2	32	6.4	10.28141513	0.008125689863	5
1.308996939	0.2	40	8	9.596998129	0.005349550324	5
1.308996939	0.5	4	2	5.428843727	0.2150156296	5
1.308996939	0.5	5	2.5	5.258545172	0.1313356385	5
1.308996939	0.5	6	3	5.088209639	0.06412256678	5
1.308996939	0.5	8	4	4.736305587	0.03874091867	5
1.308996939	0.5	10	5	4.472652193	0.03493843579	5
1.308996939	0.5	12	6	4.242891255	0.0392121882	5
1.308996939	0.5	16	8	3.886398573	0.01657831248	5
1.308996939	0.5	20	10	3.625107326	0.006972740452	5
1.308996939	0.5	25	12.5	3.380960214	0.00163314813	5
1.308996939	0.5	32	16	3.147048741	0.0007551447061	5
1.308996939	0.5	40	20	2.963057482	0.001079872293	5
1.308996939	1	4	4	2.680351269	0.0147185844	5
1.308996939	1	5	5	2.59997951	0.008818054828	5
1.308996939	1	6	6	2.505675295	0.01051927605	5
1.308996939	1	8	8	2.367937005	0.004923680652	5
1.308996939	1	10	10	2.250048341	0.001870370991	5
1.308996939	1	12	12	2.157391303	0.003113961826	5
1.308996939	1	16	16	2.017726595	0.0007713931283	5
1.308996939	1	20	20	1.918617494	0.000550939858	5
1.308996939	1	25	25	1.831676235	0.0004872491725	5
1.308996939	1	32	32	1.747672343	0.0002900969317	5
1.308996939	1	40	40	1.683496379	0.0002510415189	5
1.308996939	1.5	4	6	1.869743476	0.002527475737	5
1.308996939	1.5	5	7.5	1.817558236	0.00350987872	5
1.308996939	1.5	6	9	1.774034491	0.002799161082	5
1.308996939	1.5	8	12	1.698467545	0.00157930273	5
1.308996939	1.5	10	15	1.638521861	0.0004389601092	5
1.308996939	1.5	12	18	1.591647095	0.0005150445305	5
1.308996939	1.5	16	24	1.521943908	0.0003672677446	5
1.308996939	1.5	20	30	1.473332129	0.0001529503281	5
1.308996939	1.5	25	37.5	1.43123842	0.0001526181994	5
1.308996939	1.5	32	48	1.390103187	7.902363536e-05	5
1.308996939	1.5	40	60	1.359394724	7.362814515e-05	5
1.308996939	2	4	8	1.609819115	0.003546746892	5
1.308996939	2	5	10	1.568171242	0.001153317376	5
1.308996939	2	6	12	1.535911616	0.001550525434	5
1.308996939	2	8	16	1.481294762	0.0004454298497	5
1.308996939	2	10	20	1.440065633	0.0002833220783	5
1.308996939	2	12	24	1.407131684	0.0004219392118	5
1.308996939	2	16	32	1.35988831	0.0001348909333	5
1.308996939	2	20	40	1.327539035	0.0001210155426	5
1.308996939	2	25	50	1.29873623	0.0001021788757	5
1.308996939	2	32	64	1.271722595	3.129399916e-05	5
1.308996939	2	40	80	1.251687351	3.952232927e-05	5
1.832595715	0.05	4	0.2	18.19888419	8.784787945	5
1.832595715	0.05	5	0.25	22.27625551	3.56466703	5
1.832595715	0.05	6	0.3	24.92390205	8.120102389	5
1.832595715	0.05	8	0.4	27.43929615	2.071643891	5
1.832595715	0.05	10	0.5	29.96052836	2.541622836	5
1.832595715	0.05	12	0.6	31.8767988	1.261657594	5
1.832595715	0.05	16	0.8	33.76199941	1.353626083	5
1.832595715	0.05	20	1	32.69459444	2.674197345	5
1.832595715	0.05	25	1.25	34.74998256	0.4257816811	5
1.832595715	0.05	32	1.6	34.29728852	0.363550653	5
1.832595715	0.05	40	2	33.88576734	0.8553237651	5
1.832595715	0.1	4	0.4	14.49844082	1.751653395	5
1.832595715	0.1	5	0.5	16.20924248	1.362148775	5
1.832595715	0.1	6	0.6	17.05699946	0.8336368173	5
1.832595715	0.1	8	0.8	17.66955749	1.363601173	5
1.832595715	0.1	10	1	17.95205657	0.2379152398	5
1.832595715	0.1	12	1.2	19.1170271	0.1302182375	5
1.832595715	0.1	16	1.6	19.290071	0.3924382914	5
1.832595715	0.1	20	2	19.72616577	0.5940612163	5
1.832595715	0.1	25	2.5	20.14071078	0.5947816401	5
1.832595715	0.1	32	3.2	20.36387518	0.1859622132	5
1.832595715	0.1	40	4	19.12014853	0.03184876236	5
1.832595715	0.2	4	0.8	9.818049278	0.2690840683	5
1.832595715	0.2	5	1	10.2783502	0.07540935568	5
1.832595715	0.2	6	1.2	10.7438725	0.4248176174	5
1.832595715	0.2	8	1.6	11.43106059	0.0851859767	5
1.832595715	0.2	10	2	11.61393924	0.09992144907	5
1.832595715	0.2	12	2.4	11.21042979	0.04988060126	5
1.832595715	0.2	16	3.2	10.39870843	0.02890640223	5
1.832595715	0.2	20	4	9.650127639	0.02271107786	5
1.832595715	0.2	25	5	8.954027088	0.01331497177	5
1.832595715	0.2	32	6.4	8.250871944	0.001993123155	5
1.832595715	0.2	40	8	7.682806521	0.003883773083	5
1.832595715	0.5	4	2	4.475239463	0.1924856625	5
1.832595715	0.5	5	2.5	4.380566972	0.128498489	5
1.832595715	0.5	6	3	4.177421501	0.09182852819	5
1.832595715	0.5	8	4	3.930104362	0.03621992642	5
1.832595715	0.5	10	5	3.709372564	0.02197133227	5
1.832595715	0.5	12	6	3.52469437	0.01572657133	5
1.832595715	0.5	16	8	3.235442398	0.01557666306	5
1.832595715	0.5	20	10	3.019675417	0.002804991716	5
1.832595715	0.5	25	12.5	2.835521837	0.001404222667	5
1.832595715	0.5	32	16	2.650790365	0.001089778426	5
1.832595715	0.5	40	20	2.510206052	0.00134179754	5
1.832595715	1	4	4	2.280264649	0.03661682681	5
1.832595715	1	5	5	2.214541699	0.009593493158	5
1.832595715	1	6	6	2.156978849	0.01111573522	5
1.832595715	1	8	8	2.051871211	0.002518507885	5
1.832595715	1	10	10	1.960091242	0.001615745869	5
1.832595715	1	12	12	1.89030565	0.0009738194242	5
1.832595715	1	16	16	1.784703155	0.0008957151289	5
1.832595715	1	20	20	1.711155119	0.0003814841377	5
1.832595715	1	25	25	1.645271432	0.0002468791734	5
1.832595715	1	32	32	1.582156653	0.0002119597863	5
1.832595715	1	40	40	1.533368106	9.395389308e-05	5
1.832595715	1.5	4	6	1.674491763	0.002828558633	5
1.832595715	1.5	5	7.5	1.638170859	0.002028729505	5
1.832595715	1.5	6	9	1.601736692	0.001521015152	5
1.832595715	1.5	8	12	1.542472004	0.0008471644927	5
1.832595715	1.5	10	15	1.497370719	0.0005326796838	5
1.832595715	1.5	12	18	1.460428418	0.00053085452	5
1.832595715	1.5	16	24	1.405997409	0.0003152383798	5
1.832595715	1.5	20	30	1.369078315	0.0001083726098	5
1.832595715	1.5	25	37.5	1.336412344	0.0001339987287	5
1.832595715	1.5	32	48	1.304563855	0.0001009938611	5
1.832595715	1.5	40	60	1.280917832	3.536072685e-05	5
1.832595715	2	4	8	1.474934079	0.0007195178006	5
1.832595715	2	5	10	1.44815843	0.001032322292	5
1.832595715	2	6	12	1.421801583	0.0008862944102	5
1.832595715	2	8	16	1.379603745	0.0002893894428	5
1.832595715	2	10	20	1.34784623	0.0005254347218	5
1.832595715	2	12	24	1.322506335	0.0004869268318	5
1.832595715	2	16	32	1.28584164	7.935294253e-05	5
1.832595715	2	20	40	1.260843602	0.0001038941729	5
1.832595715	2	25	50	1.238349938	8.504595218e-05	5
1.832595715	2	32	64	1.217274246	3.399109228e-05	5
1.832595715	2	40	80	1.201534454	4.055645449e-05	5
2.35619449	0.05	4	0.2	12.98862322	4.469331761	5
2.35619449	0.05	5	0.25	16.65318685	4.047250877	5
2.35619449	0.05	6	0.3	16.44328471	2.215410867	5
2.35619449	0.05	8	0.4	20.56433364	6.030866469	5
2.35619449	0.05	10	0.5	21.68939694	2.3966487	5
2.35619449	0.05	12	0.6	22.1803447	4.226434513	5
2.35619449	0.05	16	0.8	22.95419328	1.778202404	5
2.35619449	0.05	20	1	23.64705266	0.4002004054	5
2.35619449	0.05	25	1.25	23.15049511	0.5380385511	5
2.35619449	0.05	32	1.6	22.44410478	0.4975209263	5
2.35619449	0.05	40	2	21.10337045	0.4714916386	5
2.35619449	0.1	4	0.4	10.47737062	1.063995785	5
2.35619449	0.1	5	0.5	11.58058145	0.8657136029	5
2.35619449	0.1	6	0.6	12.23883089	0.6718330461	5
2.35619449	0.1	8	0.8	12.46509407	0.3092715696	5
2.35619449	0.1	10	1	12.16073187	0.5463866798	5
2.35619449	0.1	12	1.2	12.21308788	0.2299134538	5
2.35619449	0.1	16	1.6	12.1577	0.1737049861	5
2.35619449	0.1	20	2	11.60868636	0.2468026077	5
2.35619449	0.1	25	2.5	11.81749514	0.3100281974	5
2.35619449	0.1	32	3.2	11.88864641	0.1966409222	5
2.35619449	0.1	40	4	12.47264175	0.2090362124	5
2.35619449	0.2	4	0.8	6.762451992	0.1660920582	5
2.35619449	0.2	5	1	6.780462541	0.1496782484	5
2.35619449	0.2	6	1.2	6.915736492	0.1146622548	5
2.35619449	0.2	8	1.6	7.034481249	0.1397695943	5
2.35619449	0.2	10	2	7.30225614	0.1792759417	5
2.35619449	0.2	12	2.4	7.543182225	0.06696435331	5
2.35619449	0.2	16	3.2	7.41535563	0.02768340707	5
2.35619449	0.2	20	4	6.919313976	0.00993022842	5
2.35619449	0.2	25	5	6.444453552	0.008979451884	5
2.35619449	0.2	32	6.4	5.962175884	0.001024818585	5
2.35619449	0.2	40	8	5.572008114	0.0022290517	5
2.35619449	0.5	4	2	3.449766534	0.04671582549	5
2.35619449	0.5	5	2.5	3.392638997	0.0237765439	5
2.35619449	0.5	6	3	3.25743021	0.03524492371	5
2.35619449	0.5	8	4	3.060459708	0.04412903727	5
2.35619449	0.5	10	5	2.897284118	0.01855051573	5
2.35619449	0.5	12	6	2.770906857	0.01387679219	5
2.35619449	0.5	16	8	2.562054364	0.006047602641	5
2.35619449	0.5	20	10	2.418051863	0.003367614885	5
2.35619449	0.5	25	12.5	2.278682631	0.00138575442	5
2.35619449	0.5	32	16	2.149527659	0.0009120647607	5
2.35619449	0.5	40	20	2.048068249	0.0006105990788	5
2.35619449	1	4	4	1.86215909	0.01363932753	5
2.35619449	1	5	5	1.817690066	0.008767968507	5
2.35619449	1	6	6	1.768417085	0.00717500927	5
2.35619449	1	8	8	1.696573984	0.002564840036	5
2.35619449	1	10	10	1.639640636	0.001308599661	5
2.35619449	1	12	12	1.5928016	0.0008125032531	5
2.35619449	1	16	16	1.522869188	0.0008246405397	5
2.35619449	1	20	20	1.474740312	0.0003809124644	5
2.35619449	1	25	25	1.431791842	0.0001123807854	5
2.35619449	1	32	32	1.390404844	0.0001268884428	5
2.35619449	1	40	40	1.358377839	8.997972913e-05	5
2.35619449	1.5	4	6	1.50282248	0.003416364705	5
2.35619449	1.5	5	7.5	1.471238207	0.002826211526	5
2.35619449	1.5	6	9	1.443652904	0.001038792751	5
2.35619449	1.5	8	12	1.398816837	0.0008775552038	5
2.35619449	1.5	10	15	1.364611127	0.000586653663	5
2.35619449	1.5	12	18	1.337494467	0.000533241947	5
2.35619449	1.5	16	24	1.297094077	0.0002982754356	5
2.35619449	1.5	20	30	1.269678339	0.0001551947614	5
2.35619449	1.5	25	37.5	1.245573175	8.409088612e-05	5
2.35619449	1.5	32	48	1.222260767	6.764089028e-05	5
2.35619449	1.5	40	60	1.204901154	2.476492511e-05	5
2.35619449	2	4	8	1.307533826	0.0007771126504	5
2.35619449	2	5	10	1.289888416	0.0008092673361	5
2.35619449	2	6	12	1.274066118	0.0006454758905	5
2.35619449	2	8	16	1.247999607	0.0005141003237	5
2.35619449	2	10	20	1.228073616	0.0002320712837	5
2.35619449	2	12	24	1.212196661	0.0002148448444	5
2.35619449	2	16	32	1.188831265	8.94866816e-05	5
2.35619449	2	20	40	1.172892719	4.17613454e-05	5
2.35619449	2	25	50	1.158506821	4.264902553e-05	5
2.35619449	2	32	64	1.144969449	2.57451534e-05	5
2.35619449	2	40	80	1.134798588	1.387303397e-05	5
2.879793266	0.05	4	0.2	11.26025877	0.6103120175	5
2.879793266	0.05	5	0.25	12.43660948	2.11916359	5
2.879793266	0.05	6	0.3	11.6252558	2.53064382	5
2.879793266	0.05	8	0.4	10.18117215	4.30388268	5
2.879793266	0.05	10	0.5	13.41915728	1.121561813	5
2.879793266	0.05	12	0.6	13.26029329	1.450560118	5
2.879793266	0.05	16	0.8	13.20290153	0.3662179405	5
2.879793266	0.05	20	1	12.67931645	0.2028889706	5
2.879793266	0.05	25	1.25	11.64779161	0.09380709048	5
2.879793266	0.05	32	1.6	11.0611877	0.3001191952	5
2.879793266	0.05	40	2	10.40936647	0.07766390796	5
2.879793266	0.1	4	0.4	7.432092781	0.3334213063	5
2.879793266	0.1	5	0.5	7.091217997	0.3217631724	5
2.879793266	0.1	6	0.6	7.104928595	0.4784668202	5
2.879793266	0.1	8	0.8	6.868924064	0.2173165884	5
2.879793266	0.1	10	1	6.665630834	0.1246605445	5
2.879793266	0.1	12	1.2	6.433672148	0.1230725003	5
2.879793266	0.1	16	1.6	5.987322505	0.06353215548	5
2.879793266	0.1	20	2	5.814302536	0.0943918604	5
2.879793266	0.1	25	2.5	5.716711192	0.06559721516	5
2.879793266	0.1	32	3.2	5.620875949	0.1775809044	5
2.879793266	0.1	40	4	5.748034014	0.07031817163	5
2.879793266	0.2	4	0.8	3.75048604	0.09131499832	5
2.879793266	0.2	5	1	3.704625986	0.07100674061	5
2.879793266	0.2	6	1.2	3.670488473	0.09713322169	5
2.879793266	0.2	8	1.6	3.662113117	0.05172917785	5
2.879793266	0.2	10	2	3.708848457	0.04953568763	5
2.879793266	0.2	12	2.4	3.789420505	0.05389473669	5
2.879793266	0.2	16	3.2	3.952827179	0.06097185226	5
2.879793266	0.2	20	4	3.96703296	0.02376102151	5
2.879793266	0.2	25	5	3.739763732	0.001827953363	5
2.879793266	0.2	32	6.4	3.489183712	0.001666342468	5
2.879793266	0.2	40	8	3.301146755	0.001029357731	5
2.879793266	0.5	4	2	2.253721225	0.07255341164	5
2.879793266	0.5	5	2.5	2.225779618	0.02461960374	5
2.879793266	0.5	6	3	2.166129078	0.02593307036	5
2.879793266	0.5	8	4	2.076813587	0.01329703617	5
2.879793266	0.5	10	5	1.984744578	0.01599995571	5
2.879793266	0.5	12	6	1.920573174	0.005948171942	5
2.879793266	0.5	16	8	1.826606285	0.004158491902	5
2.879793266	0.5	20	10	1.755496209	0.001032929718	5
2.879793266	0.5	25	12.5	1.693030946	0.00132926853	5
2.879793266	0.5	32	16	1.630044595	0.0007094996714	5
2.879793266	0.5	40	20	1.580146162	0.0002755476132	5
2.879793266	1	4	4	1.531628474	0.005776265878	5
2.879793266	1	5	5	1.501060644	0.001995499671	5
2.879793266	1	6	6	1.478306971	0.002395419633	5
2.879793266	1	8	8	1.430837602	0.001496312426	5
2.879793266	1	10	10	1.398705486	0.001166239501	5
2.879793266	1	12	12	1.36864408	0.0009851738212	5
2.879793266	1	16	16	1.326382973	0.000447617424	5
2.879793266	1	20	20	1.29649957	0.0002175284538	5
2.879793266	1	25	25	1.26946444	0.0001627830639	5
2.879793266	1	32	32	1.243573513	0.0001011024542	5
2.879793266	1	40	40	1.223577245	5.291838137e-05	5
2.879793266	1.5	4	6	1.275795569	0.001282141594	5
2.879793266	1.5	5	7.5	1.259938372	0.00136902845	5
2.879793266	1.5	6	9	1.246447207	0.0009977583617	5
2.879793266	1.5	8	12	1.224816385	0.0004682392571	5
2.879793266	1.5	10	15	1.207147006	0.0002110817134	5
2.879793266	1.5	12	18	1.192745191	0.0004070294613	5
2.879793266	1.5	16	24	1.171846913	0.0001355125193	5
2.879793266	1.5	20	30	1.157003855	7.17172529e-05	5
2.879793266	1.5	25	37.5	1.143850504	5.465762409e-05	5
2.879793266	1.5	32	48	1.130997412	2.417372216e-05	5
2.879793266	1.5	40	60	1.121312399	1.422664312e-05	5
2.879793266	2	4	8	1.197739263	0.0008329851964	5
2.879793266	2	5	10	1.185578412	0.0003677495302	5
2.879793266	2	6	12	1.175410211	0.000362546144	5
2.879793266	2	8	16	1.157586028	0.000169466903	5
2.879793266	2	10	20	1.144418588	0.0001157994339	5
2.879793266	2	12	24	1.133817667	9.41003666e-05	5
2.879793266	2	16	32	1.118621402	0.0001075758677	5
2.879793266	2	20	40	1.10829653	2.270802327e-05	5
2.879793266	2	25	50	1.099065769	1.788258495e-05	5
2.879793266	2	32	64	1.090385304	1.865952916e-05	5
2.879793266	2	40	80	1.083904197	1.586854049e-05	5
